torso_lift_link
r_wrist_roll_link
bowl
0.483256,-0.214953,0.782112,
0.0141112,0.643869,0.0170484,0.764815,
0.483264,-0.21487,0.782136,
0.0140444,0.643849,0.0170894,0.764833,
cup
0.360912,-0.336906,0.848624,
5.63288e-06,0.644026,-0.000759901,0.765003,
0.360843,0.140536,0.848018,
-0.00079162,0.644116,-3.7013e-05,0.764927,
neutral
0.486123,-0.390416,1.00712,
-0.000564711,0.644045,-0.00036788,0.764987,
0.485567,0.0951343,1.00656,
-0.00110537,0.64402,0.000375985,0.765008,
plate
0.349759,-0.458721,0.912562,
-0.00024826,0.643998,-0.00101022,0.765027,
0.471214,-0.0237441,0.932809,
0.000112166,0.644038,-0.000928,0.764993,
