torso_lift_link
r_wrist_roll_link
Cup
0.636665,-0.558653,0.900085,
-0.290624,0.28287,0.661158,0.631184,
0.510386,0.263673,0.963687,
-0.396606,0.318708,0.635678,0.580553,
Left_Bread
0.67621,0.0574634,0.867611,
0.662279,0.297807,0.235322,0.646004,
0.648381,0.192198,0.920503,
0.234476,0.634468,0.366247,0.63901,
Lettuce
0.701712,-0.183046,0.878099,
-0.613132,-0.251301,0.407946,0.62809,
0.623456,0.199278,0.924943,
-0.652954,-0.190658,0.656893,0.325256,
Meat
0.707327,-0.396916,0.87882,
0.651272,0.369086,0.218784,0.625902,
0.633576,0.218823,0.937458,
0.236328,0.677312,0.210931,0.664007,
Right_Bread
0.638944,-0.569481,0.872458,
0.676425,0.191387,0.0897687,0.705522,
0.621812,0.195743,0.949346,
0.280909,0.667089,0.222732,0.653049,
Sugar
0.638625,0.0271619,0.997028,
-0.402143,0.446774,0.574367,0.555676,
0.510816,0.354557,1.04247,
-0.525752,0.38849,0.597129,0.464863,
Tea
0.617457,-0.2479,0.931534,
-0.339107,0.32887,0.592315,0.652697,
0.439106,0.175264,0.991498,
-0.395569,0.378236,0.587546,0.59603,
neutral
0.567817,-0.639473,1.08036,
0.346411,0.579108,-0.322737,0.663682,
0.637894,0.159245,1.12369,
-0.207565,0.65057,0.246094,0.687833,
