torso_lift_link
r_wrist_roll_link
Left_Bread
0.755916,-0.188193,0.897302,
0.00079585,-0.365384,-0.000297367,0.930857,
0.755916,-0.188193,0.897302,
0.00079585,-0.365384,-0.000297367,0.930857,
Meat
5.755916,-0.188192,0.897302,
0.000796206,-0.365384,-0.000296569,0.930857,
0.755916,-0.188192,0.897302,
0.000796206,-0.365384,-0.000296569,0.930857,
neutral
0.755916,-0.188191,0.897301,
0.000796235,-0.365383,-0.000296138,0.930857,
0.755916,-0.188191,0.897301,
0.000796235,-0.365383,-0.000296138,0.930857,
Lettuce
0.755916,-0.188193,0.897302,
0.000796006,-0.365384,-0.000296958,0.930857,
0.755916,-0.188193,0.897302,
0.000796006,-0.365384,-0.000296958,0.930857,
Right_Bread
0.755916,-0.188192,0.897302,
0.000796206,-0.365384,-0.000296569,0.930857,
0.755916,-0.188192,0.897302,
0.000796206,-0.365384,-0.000296569,0.930857,

